8.658
9.667
9.404
9.447
9.16
9.003
8.873
8.818
8.87
8.728
8.129
8.132
7.996
7.339
7.609
7.263
7.713
7.396
7.308
7.663
6.985
6.713
6.498
6.537
5.418
6.441
6.472
6.252
6.457
5.946
5.6
4.439
4.912
4.637
4.644
4.971
4.815
4.819
4.829
4.588
3.283
3.066
3.111
3.336
3.234
3.038
2.992
3.361
3.244
3.378
1.817
2.023
1.994
2.014
1.897
1.94
2.293
2.499
2.333
2.67
1.45
1.413
1.269
1.234
1.651
1.868
1.716
1.929
1.925
2.075
1.135
1.104
1.097
1.202
1.337
1.304
1.302
1.232
1.351
1.742
0.834
0.863
0.722
0.973
0.682
0.795
1.192
1.462
1.133
1.42
0.645
0.625
0.615
0.694
0.634
0.645
0.711
0.772
0.77
0.749
