8.657
9.658
9.377
9.212
9.185
8.905
8.929
8.871
8.755
8.866
7.938
7.967
7.544
7.989
7.875
7.909
7.223
7.586
6.817
7.521
6.678
6.701
6.14
6.649
6.051
6.398
6.198
6.136
6.144
6.453
4.723
4.899
5.147
4.781
4.387
5.063
4.697
4.824
4.541
4.707
3.4
3.317
3.026
3.058
3.0
2.907
3.189
3.202
3.347
3.121
1.758
1.517
1.782
1.853
1.995
1.982
2.256
2.199
2.536
2.507
1.591
1.067
1.329
1.671
1.523
1.58
1.891
2.037
2.116
2.385
1.051
1.112
1.047
1.329
1.351
1.204
1.293
1.239
1.346
1.964
0.767
0.759
0.91
0.81
1.13
0.974
1.156
0.957
1.679
1.296
0.589
0.732
0.885
0.598
0.782
0.613
0.645
0.829
0.855
0.782
